giorno,domicilio,infettive,alta_int,terapia_in,guariti,deceduti,totale_pos,pos_att,rsa,tot_prec,incremento,casa_cura,strut_int,tot_rsa,dimessi,tot_dime,nuovi,nuo_screen
03/03/2020,0,0,0,0,0,0,4,0,0,0,4,0,0,0,0,0,0,0
04/03/2020,0,0,0,0,0,0,5,0,0,4,1,0,0,0,0,0,0,0
05/03/2020,0,0,0,0,0,0,7,0,0,5,2,0,0,0,0,0,0,0
06/03/2020,0,0,0,0,0,0,10,0,0,7,3,0,0,0,0,0,0,0
07/03/2020,0,0,0,0,0,0,14,0,0,10,4,0,0,0,0,0,0,0
08/03/2020,0,0,0,0,0,0,23,0,0,14,9,0,0,0,0,0,0,0
09/03/2020,0,0,0,0,0,0,33,0,0,23,10,0,0,0,0,0,0,0
10/03/2020,0,0,0,0,0,0,50,0,0,33,17,0,0,0,0,0,0,0
11/03/2020,0,0,0,0,0,0,74,0,0,50,24,0,0,0,0,0,0,0
12/03/2020,56,36,7,5,0,1,109,104,0,74,35,0,0,0,0,4,0,0
13/03/2020,103,45,13,6,0,2,173,167,0,109,64,0,0,0,0,4,0,0
14/03/2020,174,58,10,12,0,2,261,254,0,173,88,0,0,0,0,5,0,0
15/03/2020,269,68,13,15,0,6,378,365,0,261,117,0,0,0,0,7,0,0
16/03/2020,321,75,13,17,0,7,440,426,0,378,62,0,0,0,0,7,0,0
17/03/2020,333,94,13,22,0,7,591,574,112,440,151,0,0,0,0,10,0,0
18/03/2020,413,139,14,22,0,8,719,699,111,591,128,0,0,0,0,12,0,0
19/03/2020,464,159,12,30,0,12,857,825,160,719,138,0,0,0,0,20,0,0
20/03/2020,569,183,15,34,0,13,1067,1054,224,857,210,0,0,0,29,29,0,0
21/03/2020,700,222,15,37,0,28,1306,1278,274,1067,239,0,0,0,30,30,0,0
22/03/2020,1020,222,18,46,0,35,1480,1445,89,1306,174,0,0,0,50,50,0,0
23/03/2020,862,207,42,46,0,41,1611,1570,345,1480,131,0,0,0,68,68,0,0
24/03/2020,1008,264,44,49,0,56,1824,1768,324,1611,213,0,0,0,79,79,0,0
25/03/2020,1117,286,22,65,0,74,2001,1927,347,1824,177,0,0,0,90,90,0,0
26/03/2020,1189,267,33,65,0,86,2122,2035,364,2001,121,0,0,0,117,117,0,0
27/03/2020,1237,299,42,66,5,102,2236,2129,365,2122,114,0,0,0,120,125,0,0
28/03/2020,1391,304,47,72,5,120,2340,2325,365,2236,104,0,0,0,146,151,0,0
29/03/2020,1439,306,50,75,6,129,2427,2292,256,2340,87,0,0,0,166,172,0,0
30/03/2020,1399,310,43,78,6,147,2529,2376,219,2427,102,146,9,365,172,178,0,0
31/03/2020,1559,304,50,80,6,164,2574,2404,140,2529,45,76,8,216,187,193,0,0
01/04/2020,1584,290,55,76,7,173,2671,2491,179,2574,97,90,10,269,207,214,0,0
02/04/2020,1646,290,49,78,7,187,2785,2591,206,2671,114,89,11,295,222,229,0,0
03/04/2020,1703,296,47,80,9,204,2889,2676,206,2785,104,94,13,300,237,246,0,0
04/04/2020,1748,301,52,81,9,210,2984,2765,227,2889,95,94,14,321,248,257,0,0
05/04/2020,1778,306,46,80,10,217,3042,2815,233,2984,58,94,15,327,263,273,0,0
06/04/2020,1818,307,46,79,11,230,3111,2870,242,3042,69,94,14,336,270,281,0,0
07/04/2020,1803,309,51,78,73,244,3236,2919,297,3111,125,98,14,395,269,342,0,0
08/04/2020,1835,311,43,77,127,255,3342,2960,317,3236,106,86,11,403,280,407,0,0
09/04/2020,1836,297,48,69,176,268,3431,2987,352,3342,89,84,15,436,286,462,0,0
10/04/2020,1851,293,42,70,252,275,3524,2997,361,3431,93,69,16,430,295,547,0,0
11/04/2020,1902,290,42,65,269,284,3669,3116,435,3524,145,69,13,504,300,569,0,0
12/04/2020,1899,282,40,61,313,293,3734,3125,453,3669,65,69,13,522,308,621,0,0
13/04/2020,1846,290,36,56,429,300,3797,3068,455,3734,63,68,15,523,302,731,0,0
14/04/2020,1841,289,36,54,449,310,3815,3056,452,3797,18,68,16,520,300,749,0,0
15/04/2020,1852,280,32,48,485,318,3891,3088,489,3815,76,61,13,550,313,798,0,0
16/04/2020,1821,275,27,43,541,322,3955,3092,507,3891,64,61,20,568,338,879,0,0
17/04/2020,1723,262,28,44,702,342,4041,2997,523,3955,86,56,23,579,338,1040,0,0
18/04/2020,1730,252,28,42,752,348,4097,2997,535,4041,56,47,21,582,342,1094,0,0
19/04/2020,1710,259,19,41,865,360,4183,2958,531,4097,86,42,20,573,336,1201,0,0
20/04/2020,1673,254,18,40,966,366,4236,2904,529,4183,53,41,20,570,329,1295,0,0
21/04/2020,1668,237,17,38,985,376,4254,2893,530,4236,18,41,18,571,344,1329,0,0
22/04/2020,1642,224,21,34,1034,381,4289,2873,535,4254,35,41,19,576,357,1391,0,0
23/04/2020,1574,213,18,29,1110,382,4368,2796,536,4289,79,41,21,577,364,1474,0,0
24/04/2020,1501,201,15,28,1199,389,4413,2698,533,4368,45,41,18,574,361,1560,0,0
25/04/2020,1525,191,11,27,1340,400,4471,2731,566,4413,58,38,19,604,354,1694,0,0
26/04/2020,1506,187,12,24,1492,405,4528,2631,539,4471,57,29,19,568,315,1807,0,0
27/04/2020,1509,186,15,23,1577,407,4626,2642,559,4528,98,29,17,588,304,1881,0,0
28/04/2020,1390,167,15,22,1741,412,4657,2504,558,4626,31,30,15,588,307,2048,0,0
29/04/2020,1334,153,12,22,1889,416,4697,2392,528,4657,40,29,13,557,301,2190,0,0
30/04/2020,1249,145,13,21,2041,418,4741,2285,528,4697,44,29,13,557,287,2328,0,0
01/05/2020,1194,137,9,19,2133,423,4759,2203,519,4741,18,31,11,550,283,2416,0,0
02/05/2020,1192,129,9,19,2209,425,4807,2173,520,4759,48,28,11,548,265,2474,0,0
03/05/2020,1183,127,9,17,2335,429,4869,2105,505,4807,62,18,10,523,236,2571,0,0
04/05/2020,1125,127,8,17,2451,431,4897,2015,504,4869,28,12,10,516,212,2663,11,17
05/05/2020,1034,120,6,15,2572,434,4906,1900,501,4897,9,0,9,501,215,2787,3,6
06/05/2020,1044,107,9,13,2657,438,4954,1859,471,4906,48,0,11,471,204,2861,19,29
07/05/2020,1036,90,9,11,2737,439,5009,1833,479,4954,55,0,10,479,198,2935,3,52
08/05/2020,1032,86,8,11,2779,440,5039,1820,477,5009,30,0,9,477,197,2976,2,28
09/05/2020,1024,82,6,10,2834,441,5077,1802,479,5039,38,0,10,479,191,3025,7,31
10/05/2020,1026,82,2,10,2888,444,5111,1779,467,5077,34,0,10,467,182,3070,3,31
11/05/2020,1001,85,1,11,2950,446,5134,1738,459,5111,23,0,9,459,172,3122,2,21
12/05/2020,976,81,1,9,3026,448,5162,1688,444,5134,28,0,9,444,168,3194,6,22
13/05/2020,916,77,1,9,3156,449,5195,1590,428,5162,33,0,10,428,149,3305,9,24
14/05/2020,904,66,1,9,3235,451,5233,1547,414,5195,38,0,7,414,146,3381,3,35
15/05/2020,838,52,2,9,3361,454,5265,1450,403,5233,32,0,11,403,135,3496,3,29
16/05/2020,813,43,2,8,3447,456,5284,1381,380,5265,19,0,14,380,121,3568,8,11
17/05/2020,799,41,1,8,3511,456,5304,1337,358,5284,20,0,13,358,117,3628,12,8
18/05/2020,729,41,1,8,3613,456,5317,1248,353,5304,13,0,12,358,104,3717,1,12
19/05/2020,695,42,1,8,3665,458,5327,1204,346,5317,10,0,11,346,101,3766,7,3
20/05/2020,652,39,2,6,3782,459,5346,1105,298,5327,19,0,9,298,99,3881,10,9
21/05/2020,602,39,2,6,3896,459,5361,1006,274,5346,15,0,10,274,73,3969,10,5
22/05/2020,513,31,2,4,4023,459,5377,895,267,5361,16,0,11,267,67,4090,10,6
23/05/2020,473,27,2,4,4097,460,5387,830,251,5377,10,0,10,251,60,4160,7,3
24/05/2020,447,26,2,4,4153,461,5399,785,238,5387,12,0,10,238,58,4211,9,3
25/05/2020,419,27,1,4,4192,462,5400,746,235,5399,1,0,10,235,50,4242,1,0
26/05/2020,417,24,0,3,4210,465,5412,737,237,5400,12,0,9,237,47,4257,10,2
27/05/2020,388,16,3,2,4267,466,5419,686,223,5412,7,0,8,223,46,4313,7,2
28/05/2020,364,15,2,3,4301,466,5423,656,222,5419,4,0,7,222,43,4344,3,1
29/05/2020,289,16,0,3,4403,466,5429,560,217,5423,6,0,7,217,28,4431,3,3
30/05/2020,248,13,0,3,4470,466,5431,495,207,5429,2,0,7,207,17,4487,1,1
31/05/2020,203,13,0,3,4576,466,5432,390,153,5431,1,0,6,153,12,4588,1,0
01/06/2020,192,14,0,3,4596,466,5435,373,146,5432,3,0,6,146,12,4608,2,1
02/06/2020,185,14,0,2,4602,467,5435,363,144,5435,0,0,6,144,12,4617,0,0
03/06/2020,146,15,0,2,4698,467,5437,272,95,5435,2,0,4,95,10,4708,1,1
04/06/2020,138,14,0,1,4715,468,5438,255,89,5437,1,0,3,89,10,4725,0,1
05/06/2020,81,8,0,1,4821,468,5438,149,55,5438,0,0,1,55,3,4824,0,0
06/06/2020,77,6,0,1,4844,468,5443,131,44,5438,5,0,0,44,3,4847,1,4
07/06/2020,55,6,0,1,4871,468,5444,105,41,5443,1,0,0,41,2,4873,1,0
08/06/2020,54,7,0,1,4874,468,5445,103,39,5444,1,0,0,39,2,4876,1,0
09/06/2020,57,6,0,1,4876,468,5448,104,37,5445,3,0,0,37,3,4879,0,3
10/06/2020,51,6,0,1,4880,468,5448,100,39,5448,0,0,0,39,3,4883,0,0
11/06/2020,52,5,0,1,4890,468,5450,92,30,5448,2,0,0,30,4,4894,0,2
12/06/2020,48,5,0,1,4898,468,5452,86,29,5450,2,0,0,29,3,4901,1,1
13/06/2020,48,5,0,1,4900,468,5455,87,31,5455,3,0,0,31,2,4902,0,3
14/06/2020,41,5,0,1,4906,468,5456,82,33,5455,1,0,0,33,2,4908,0,1
15/06/2020,43,5,0,0,4906,469,5457,82,32,5456,1,0,0,32,2,4908,0,1
16/06/2020,38,2,0,0,4910,469,5457,78,35,5457,0,0,0,35,3,4913,0,0
17/06/2020,33,2,0,0,4921,469,5458,68,31,5457,1,0,0,31,2,4923,1,0
18/06/2020,40,2,0,0,4928,469,5466,69,25,5458,8,0,0,25,2,4928,3,5
19/06/2020,41,2,0,0,4932,470,5467,65,21,5466,1,0,0,21,1,4933,0,1
20/06/2020,39,1,0,0,4938,470,5467,59,19,5467,0,0,0,19,0,4938,0,0
21/06/2020,38,0,0,0,4941,470,5472,61,23,5467,5,0,0,23,0,4941,2,3
22/06/2020,38,0,0,0,4942,470,5473,61,23,5472,1,0,0,23,0,4942,1,0
23/06/2020,35,0,0,0,4946,470,5474,58,23,5473,1,0,0,23,0,4946,0,1
24/06/2020,29,0,0,0,4952,470,5474,52,23,5474,0,0,0,23,0,4952,0,0
25/06/2020,28,0,1,0,4955,470,5477,52,23,5474,3,0,0,23,0,4955,1,2
26/06/2020,32,0,1,0,4959,470,5481,52,19,5477,4,0,0,19,0,4959,1,3
27/06/2020,29,1,1,0,4961,470,5482,51,20,5481,1,0,0,20,0,4961,0,1
28/06/2020,31,1,1,0,4961,470,5485,54,21,5482,3,0,0,21,0,4961,3,0
29/06/2020,31,0,1,0,4962,470,5485,53,21,5485,0,0,0,21,0,4962,0,0
30/06/2020,28,0,1,0,4965,470,5485,50,21,5485,0,0,0,21,0,4965,0,0
01/07/2020,25,0,1,0,4969,470,5486,47,21,5485,1,0,0,21,0,4969,1,0
02/07/2020,23,1,0,0,4971,470,5487,46,22,5486,1,0,0,22,0,4969,1,0
03/07/2020,27,2,0,0,4977,470,5493,46,17,5487,6,0,0,17,0,4969,1,5
04/07/2020,27,2,0,0,4977,470,5495,48,19,5493,2,0,0,19,0,4969,0,2
05/07/2020,23,2,0,0,4983,470,5495,42,17,5495,0,0,0,17,0,4969,0,0
06/07/2020,20,3,0,0,4988,470,5495,37,14,5495,0,0,0,14,0,4969,0,0
07/07/2020,24,3,0,0,4988,470,5498,40,13,5495,3,0,0,13,0,4969,0,3
08/07/2020,22,3,0,0,4991,470,5498,37,12,5498,0,0,0,12,0,4969,0,0
09/07/2020,20,1,0,0,4994,470,5498,34,12,5498,0,0,0,12,1,4970,0,0
10/07/2020,18,1,0,0,5003,470,5501,28,8,5498,3,0,0,8,1,4971,0,3
11/07/2020,18,2,0,0,5004,470,5503,29,8,5501,2,0,0,8,1,4972,1,1
12/07/2020,16,2,0,0,5006,470,5503,27,8,5503,0,0,0,8,1,4973,0,0
13/07/2020,16,2,0,0,5006,470,5503,27,8,5503,0,0,0,8,1,4974,0,0
14/07/2020,16,2,0,0,5006,470,5503,27,8,5503,0,0,0,8,1,4975,0,0
15/07/2020,15,1,0,0,5008,470,5503,25,8,5503,0,0,0,8,1,4976,0,0
16/07/2020,12,1,0,0,5014,470,5503,19,5,5503,0,0,0,5,1,4977,0,0
17/07/2020,12,0,0,0,5016,470,5503,17,4,5503,0,0,0,4,1,4978,0,0
18/07/2020,15,0,0,0,5016,470,5506,20,4,5503,3,0,0,4,1,4979,3,0
19/07/2020,13,0,0,0,5020,470,5507,17,3,5506,1,0,0,3,1,4979,1,0
20/07/2020,16,1,0,0,5020,470,5511,21,3,5507,4,0,0,3,1,4979,2,2
21/07/2020,18,1,0,0,5020,470,5513,23,3,5511,2,0,0,3,1,4979,1,1
22/07/2020,36,2,0,0,5021,470,5533,42,3,5513,20,0,0,3,1,4979,1,19
23/07/2020,66,2,0,0,5021,470,5563,72,3,5533,30,0,0,3,1,4979,0,30
24/07/2020,83,2,0,0,5021,470,5579,88,2,5563,16,0,0,2,1,4979,1,15
25/07/2020,84,2,0,0,5021,470,5581,90,2,5579,2,0,0,2,2,4979,1,1
26/07/2020,90,1,0,0,5021,470,5587,96,2,5581,6,0,0,2,3,4979,0,6
27/07/2020,91,1,0,0,5021,470,5588,97,2,5587,1,0,0,2,3,4979,1,0
28/07/2020,91,1,0,0,5021,470,5588,97,2,5588,0,0,0,2,3,4979,0,0
29/07/2020,96,0,0,0,5021,470,5592,101,2,5588,4,0,0,2,3,4979,2,2
30/07/2020,99,0,0,0,5021,470,5595,104,2,5592,3,0,0,2,3,4979,0,3
31/07/2020,99,0,0,0,5024,470,5597,103,1,5595,2,0,0,1,3,4979,0,2
01/08/2020,97,1,0,0,5025,470,5597,102,1,5597,0,0,0,1,3,4979,0,0
02/08/2020,97,1,0,0,5029,470,5601,102,1,5597,4,0,0,1,3,4979,1,3
03/08/2020,96,3,0,0,5031,470,5603,102,1,5601,2,0,0,1,2,4979,1,1
04/08/2020,84,3,0,0,5045,470,5605,90,1,5603,2,0,0,1,2,4979,1,1
05/08/2020,75,3,0,0,5055,470,5606,81,1,5605,1,0,0,1,2,4979,0,1
06/08/2020,76,3,0,0,5058,470,5610,82,1,5606,4,0,0,1,2,4979,0,4
07/08/2020,77,5,0,0,5060,470,5614,84,0,5610,4,0,0,0,2,4979,2,2
08/08/2020,74,5,0,0,5064,470,5615,81,0,5614,1,0,0,0,2,4979,0,1
09/08/2020,72,6,0,0,5067,470,5617,80,0,5615,2,0,0,0,2,4979,0,2
